
======================================================================
PAH: naphthalene
======================================================================
Pocket  Score     Volume    Hydro     Apolar    Aromatic  Drug      
12      0.729     191.0     60.000    37.4      3         0.098     
30      0.719     246.4     54.636    39.9      2         0.001     
21      0.666     268.1     39.667    71.2      1         0.035     
31      0.654     202.2     26.200    59.2      2         0.006     
52      0.648     264.7     45.700    79.7      0         0.017     
24      0.648     298.3     35.000    35.0      2         0.002     
35      0.640     272.5     23.643    55.6      2         0.006     
5       0.632     214.7     27.417    41.1      2         0.037     
27      0.631     232.9     39.667    47.1      1         0.007     
28      0.628     271.8     38.143    48.3      1         0.002     
50      0.611     294.5     32.750    83.3      0         0.024     
23      0.608     229.7     36.500    38.6      1         0.006     
36      0.597     389.2     57.769    97.8      4         0.540     
19      0.574     230.7     15.800    27.8      2         0.009     
32      0.573     1347.3    21.559    184.8     7         0.076     
43      0.568     356.5     39.667    85.7      2         0.011     
40      0.559     245.6     11.111    62.3      1         0.005     
58      0.557     1179.0    16.667    185.0     6         0.052     
45      0.534     248.8     7.556     53.1      1         0.000     
54      0.531     222.5     26.600    42.3      0         0.000     
51      0.522     191.7     33.857    54.3      0         0.001     
14      0.502     211.9     23.889    29.0      0         0.001     
57      0.465     692.8     18.375    118.3     3         0.028     
4       0.464     235.2     6.308     42.3      0         0.006     
17      0.447     327.9     -3.778    42.3      2         0.008     
39      0.444     177.2     22.429    51.7      1         0.002     
47      0.440     414.8     39.429    88.2      2         0.001     
29      0.426     197.0     5.500     30.2      0         0.001     
6       0.424     157.5     34.111    24.2      4         0.017     
11      0.417     151.6     55.364    30.2      2         0.011     
20      0.397     528.3     15.421    78.5      5         0.025     
10      0.396     521.1     13.053    83.3      3         0.075     
22      0.395     177.7     15.625    31.4      1         0.002     
38      0.382     329.0     -4.500    36.2      1         0.000     
33      0.380     196.5     -6.200    27.8      0         0.002     
46      0.377     424.1     18.000    93.0      2         0.099     
16      0.376     321.3     -14.833   39.9      1         0.001     
41      0.362     330.2     2.250     43.5      0         0.001     
55      0.359     184.6     -7.167    30.2      1         0.000     
13      0.352     582.7     15.280    82.1      2         0.171     
7       0.341     131.3     36.111    27.8      2         0.001     
2       0.327     163.8     34.417    33.8      0         0.178     
49      0.324     402.7     20.154    51.9      2         0.043     
56      0.320     167.1     5.250     47.1      1         0.000     
60      0.318     450.4     19.125    118.3     0         0.006     
53      0.312     368.8     11.000    35.0      1         0.000     
9       0.305     81.3      46.375    14.5      1         0.008     
59      0.287     1095.9    -11.259   97.8      2         0.000     
42      0.264     423.5     13.900    59.2      1         0.001     
34      0.261     153.2     32.600    36.2      0         0.001     
26      0.259     321.2     -31.000   30.2      0         0.000     
18      0.249     134.2     31.100    44.7      0         0.003     
44      0.244     115.3     25.200    54.3      0         0.004     
25      0.206     404.5     6.143     37.4      1         0.001     
3       0.206     139.9     15.714    15.7      1         0.000     
37      0.177     131.6     2.800     25.4      1         0.001     
8       0.121     116.6     4.222     18.1      0         0.046     
48      0.121     133.5     -4.571    37.4      0         0.000     
15      0.088     100.5     -6.333    19.3      0         0.001     

Top pocket for naphthalene: Pocket 12
aromatic residues: [(27, 'PHE'), (28, 'PHE'), (600, 'TRP')]

--- Suggested Vina box for pocket 12 ---
center_x: 80.91
center_y: 59.50
center_z: 58.87
size_x: 17.8
size_y: 21.5
size_z: 19.8

======================================================================
PAH: anthracene
======================================================================
Pocket  Score     Volume    Hydro     Apolar    Aromatic  Drug      
36      0.747     389.2     57.769    97.8      4         0.540     
30      0.719     246.4     54.636    39.9      2         0.001     
43      0.718     356.5     39.667    85.7      2         0.011     
21      0.666     268.1     39.667    71.2      1         0.035     
52      0.648     264.7     45.700    79.7      0         0.017     
24      0.648     298.3     35.000    35.0      2         0.002     
35      0.640     272.5     23.643    55.6      2         0.006     
27      0.631     232.9     39.667    47.1      1         0.007     
28      0.628     271.8     38.143    48.3      1         0.002     
50      0.611     294.5     32.750    83.3      0         0.024     
12      0.609     191.0     60.000    37.4      3         0.098     
23      0.608     229.7     36.500    38.6      1         0.006     
5       0.600     214.7     27.417    41.1      2         0.037     
19      0.574     230.7     15.800    27.8      2         0.009     
32      0.573     1347.3    21.559    184.8     7         0.076     
40      0.559     245.6     11.111    62.3      1         0.005     
58      0.557     1179.0    16.667    185.0     6         0.052     
31      0.547     202.2     26.200    59.2      2         0.006     
47      0.546     414.8     39.429    88.2      2         0.001     
45      0.534     248.8     7.556     53.1      1         0.000     
54      0.531     222.5     26.600    42.3      0         0.000     
17      0.530     327.9     -3.778    42.3      2         0.008     
38      0.469     329.0     -4.500    36.2      1         0.000     
49      0.465     402.7     20.154    51.9      2         0.043     
57      0.465     692.8     18.375    118.3     3         0.028     
4       0.464     235.2     6.308     42.3      0         0.006     
53      0.462     368.8     11.000    35.0      1         0.000     
46      0.454     424.1     18.000    93.0      2         0.099     
14      0.454     211.9     23.889    29.0      0         0.001     
41      0.452     330.2     2.250     43.5      0         0.001     
16      0.440     321.3     -14.833   39.9      1         0.001     
11      0.408     151.6     55.364    30.2      2         0.011     
51      0.402     191.7     33.857    54.3      0         0.001     
20      0.397     528.3     15.421    78.5      5         0.025     
10      0.396     521.1     13.053    83.3      3         0.075     
6       0.379     157.5     34.111    24.2      4         0.017     
13      0.352     582.7     15.280    82.1      2         0.171     
42      0.343     423.5     13.900    59.2      1         0.001     
25      0.343     404.5     6.143     37.4      1         0.001     
7       0.341     131.3     36.111    27.8      2         0.001     
39      0.324     177.2     22.429    51.7      1         0.002     
26      0.323     321.2     -31.000   30.2      0         0.000     
60      0.318     450.4     19.125    118.3     0         0.006     
29      0.306     197.0     5.500     30.2      0         0.001     
9       0.305     81.3      46.375    14.5      1         0.008     
59      0.287     1095.9    -11.259   97.8      2         0.000     
22      0.275     177.7     15.625    31.4      1         0.002     
33      0.260     196.5     -6.200    27.8      0         0.002     
18      0.249     134.2     31.100    44.7      0         0.003     
2       0.244     163.8     34.417    33.8      0         0.178     
44      0.244     115.3     25.200    54.3      0         0.004     
34      0.242     153.2     32.600    36.2      0         0.001     
55      0.239     184.6     -7.167    30.2      1         0.000     
56      0.217     167.1     5.250     47.1      1         0.000     
3       0.206     139.9     15.714    15.7      1         0.000     
37      0.177     131.6     2.800     25.4      1         0.001     
8       0.121     116.6     4.222     18.1      0         0.046     
48      0.121     133.5     -4.571    37.4      0         0.000     
15      0.088     100.5     -6.333    19.3      0         0.001     

Top pocket for anthracene: Pocket 36
aromatic residues: [(117, 'PHE'), (298, 'PHE'), (302, 'PHE'), (321, 'PHE')]

--- Suggested Vina box for pocket 36 ---
center_x: 59.48
center_y: 74.74
center_z: 91.71
size_x: 20.7
size_y: 22.6
size_z: 21.8

======================================================================
PAH: phenanthrene
======================================================================
Pocket  Score     Volume    Hydro     Apolar    Aromatic  Drug      
36      0.747     389.2     57.769    97.8      4         0.540     
30      0.719     246.4     54.636    39.9      2         0.001     
43      0.718     356.5     39.667    85.7      2         0.011     
21      0.666     268.1     39.667    71.2      1         0.035     
52      0.648     264.7     45.700    79.7      0         0.017     
24      0.648     298.3     35.000    35.0      2         0.002     
35      0.640     272.5     23.643    55.6      2         0.006     
27      0.631     232.9     39.667    47.1      1         0.007     
28      0.628     271.8     38.143    48.3      1         0.002     
50      0.611     294.5     32.750    83.3      0         0.024     
12      0.609     191.0     60.000    37.4      3         0.098     
23      0.608     229.7     36.500    38.6      1         0.006     
5       0.600     214.7     27.417    41.1      2         0.037     
19      0.574     230.7     15.800    27.8      2         0.009     
32      0.573     1347.3    21.559    184.8     7         0.076     
40      0.559     245.6     11.111    62.3      1         0.005     
58      0.557     1179.0    16.667    185.0     6         0.052     
31      0.547     202.2     26.200    59.2      2         0.006     
47      0.546     414.8     39.429    88.2      2         0.001     
45      0.534     248.8     7.556     53.1      1         0.000     
54      0.531     222.5     26.600    42.3      0         0.000     
17      0.530     327.9     -3.778    42.3      2         0.008     
38      0.469     329.0     -4.500    36.2      1         0.000     
49      0.465     402.7     20.154    51.9      2         0.043     
57      0.465     692.8     18.375    118.3     3         0.028     
4       0.464     235.2     6.308     42.3      0         0.006     
53      0.462     368.8     11.000    35.0      1         0.000     
46      0.454     424.1     18.000    93.0      2         0.099     
14      0.454     211.9     23.889    29.0      0         0.001     
41      0.452     330.2     2.250     43.5      0         0.001     
16      0.440     321.3     -14.833   39.9      1         0.001     
11      0.408     151.6     55.364    30.2      2         0.011     
51      0.402     191.7     33.857    54.3      0         0.001     
20      0.397     528.3     15.421    78.5      5         0.025     
10      0.396     521.1     13.053    83.3      3         0.075     
6       0.379     157.5     34.111    24.2      4         0.017     
13      0.352     582.7     15.280    82.1      2         0.171     
42      0.343     423.5     13.900    59.2      1         0.001     
25      0.343     404.5     6.143     37.4      1         0.001     
7       0.341     131.3     36.111    27.8      2         0.001     
39      0.324     177.2     22.429    51.7      1         0.002     
26      0.323     321.2     -31.000   30.2      0         0.000     
60      0.318     450.4     19.125    118.3     0         0.006     
29      0.306     197.0     5.500     30.2      0         0.001     
9       0.305     81.3      46.375    14.5      1         0.008     
59      0.287     1095.9    -11.259   97.8      2         0.000     
22      0.275     177.7     15.625    31.4      1         0.002     
33      0.260     196.5     -6.200    27.8      0         0.002     
18      0.249     134.2     31.100    44.7      0         0.003     
2       0.244     163.8     34.417    33.8      0         0.178     
44      0.244     115.3     25.200    54.3      0         0.004     
34      0.242     153.2     32.600    36.2      0         0.001     
55      0.239     184.6     -7.167    30.2      1         0.000     
56      0.217     167.1     5.250     47.1      1         0.000     
3       0.206     139.9     15.714    15.7      1         0.000     
37      0.177     131.6     2.800     25.4      1         0.001     
8       0.121     116.6     4.222     18.1      0         0.046     
48      0.121     133.5     -4.571    37.4      0         0.000     
15      0.088     100.5     -6.333    19.3      0         0.001     

Top pocket for phenanthrene: Pocket 36
aromatic residues: [(117, 'PHE'), (298, 'PHE'), (302, 'PHE'), (321, 'PHE')]

--- Suggested Vina box for pocket 36 ---
center_x: 59.48
center_y: 74.74
center_z: 91.71
size_x: 20.7
size_y: 22.6
size_z: 21.8

======================================================================
PAH: fluoranthene
======================================================================
Pocket  Score     Volume    Hydro     Apolar    Aromatic  Drug      
36      0.865     389.2     57.769    97.8      4         0.540     
47      0.740     414.8     39.429    88.2      2         0.001     
43      0.737     356.5     39.667    85.7      2         0.011     
46      0.677     424.1     18.000    93.0      2         0.099     
24      0.648     298.3     35.000    35.0      2         0.002     
49      0.624     402.7     20.154    51.9      2         0.043     
21      0.622     268.1     39.667    71.2      1         0.035     
60      0.616     450.4     19.125    118.3     0         0.006     
35      0.612     272.5     23.643    55.6      2         0.006     
50      0.611     294.5     32.750    83.3      0         0.024     
28      0.597     271.8     38.143    48.3      1         0.002     
30      0.594     246.4     54.636    39.9      2         0.001     
52      0.591     264.7     45.700    79.7      0         0.017     
32      0.573     1347.3    21.559    184.8     7         0.076     
42      0.564     423.5     13.900    59.2      1         0.001     
58      0.557     1179.0    16.667    185.0     6         0.052     
17      0.530     327.9     -3.778    42.3      2         0.008     
53      0.519     368.8     11.000    35.0      1         0.000     
25      0.506     404.5     6.143     37.4      1         0.001     
12      0.484     191.0     60.000    37.4      3         0.098     
10      0.483     521.1     13.053    83.3      3         0.075     
38      0.469     329.0     -4.500    36.2      1         0.000     
57      0.465     692.8     18.375    118.3     3         0.028     
20      0.462     528.3     15.421    78.5      5         0.025     
27      0.454     232.9     39.667    47.1      1         0.007     
41      0.452     330.2     2.250     43.5      0         0.001     
16      0.440     321.3     -14.833   39.9      1         0.001     
40      0.430     245.6     11.111    62.3      1         0.005     
23      0.419     229.7     36.500    38.6      1         0.006     
45      0.417     248.8     7.556     53.1      1         0.000     
11      0.408     151.6     55.364    30.2      2         0.011     
19      0.389     230.7     15.800    27.8      2         0.009     
5       0.387     214.7     27.417    41.1      2         0.037     
6       0.379     157.5     34.111    24.2      4         0.017     
31      0.362     202.2     26.200    59.2      2         0.006     
13      0.352     582.7     15.280    82.1      2         0.171     
7       0.341     131.3     36.111    27.8      2         0.001     
26      0.323     321.2     -31.000   30.2      0         0.000     
54      0.315     222.5     26.600    42.3      0         0.000     
9       0.305     81.3      46.375    14.5      1         0.008     
4       0.296     235.2     6.308     42.3      0         0.006     
59      0.287     1095.9    -11.259   97.8      2         0.000     
39      0.281     177.2     22.429    51.7      1         0.002     
51      0.272     191.7     33.857    54.3      0         0.001     
18      0.249     134.2     31.100    44.7      0         0.003     
14      0.247     211.9     23.889    29.0      0         0.001     
2       0.244     163.8     34.417    33.8      0         0.178     
44      0.244     115.3     25.200    54.3      0         0.004     
34      0.242     153.2     32.600    36.2      0         0.001     
22      0.228     177.7     15.625    31.4      1         0.002     
56      0.217     167.1     5.250     47.1      1         0.000     
3       0.206     139.9     15.714    15.7      1         0.000     
37      0.177     131.6     2.800     25.4      1         0.001     
55      0.152     184.6     -7.167    30.2      1         0.000     
29      0.143     197.0     5.500     30.2      0         0.001     
8       0.121     116.6     4.222     18.1      0         0.046     
48      0.121     133.5     -4.571    37.4      0         0.000     
33      0.101     196.5     -6.200    27.8      0         0.002     
15      0.088     100.5     -6.333    19.3      0         0.001     

Top pocket for fluoranthene: Pocket 36
aromatic residues: [(117, 'PHE'), (298, 'PHE'), (302, 'PHE'), (321, 'PHE')]

--- Suggested Vina box for pocket 36 ---
center_x: 59.48
center_y: 74.74
center_z: 91.71
size_x: 20.7
size_y: 22.6
size_z: 21.8

======================================================================
PAH: pyrene
======================================================================
Pocket  Score     Volume    Hydro     Apolar    Aromatic  Drug      
36      0.865     389.2     57.769    97.8      4         0.540     
47      0.740     414.8     39.429    88.2      2         0.001     
43      0.737     356.5     39.667    85.7      2         0.011     
46      0.677     424.1     18.000    93.0      2         0.099     
24      0.648     298.3     35.000    35.0      2         0.002     
49      0.624     402.7     20.154    51.9      2         0.043     
21      0.622     268.1     39.667    71.2      1         0.035     
60      0.616     450.4     19.125    118.3     0         0.006     
35      0.612     272.5     23.643    55.6      2         0.006     
50      0.611     294.5     32.750    83.3      0         0.024     
28      0.597     271.8     38.143    48.3      1         0.002     
30      0.594     246.4     54.636    39.9      2         0.001     
52      0.591     264.7     45.700    79.7      0         0.017     
32      0.573     1347.3    21.559    184.8     7         0.076     
42      0.564     423.5     13.900    59.2      1         0.001     
58      0.557     1179.0    16.667    185.0     6         0.052     
17      0.530     327.9     -3.778    42.3      2         0.008     
53      0.519     368.8     11.000    35.0      1         0.000     
25      0.506     404.5     6.143     37.4      1         0.001     
12      0.484     191.0     60.000    37.4      3         0.098     
10      0.483     521.1     13.053    83.3      3         0.075     
38      0.469     329.0     -4.500    36.2      1         0.000     
57      0.465     692.8     18.375    118.3     3         0.028     
20      0.462     528.3     15.421    78.5      5         0.025     
27      0.454     232.9     39.667    47.1      1         0.007     
41      0.452     330.2     2.250     43.5      0         0.001     
16      0.440     321.3     -14.833   39.9      1         0.001     
40      0.430     245.6     11.111    62.3      1         0.005     
23      0.419     229.7     36.500    38.6      1         0.006     
45      0.417     248.8     7.556     53.1      1         0.000     
11      0.408     151.6     55.364    30.2      2         0.011     
19      0.389     230.7     15.800    27.8      2         0.009     
5       0.387     214.7     27.417    41.1      2         0.037     
6       0.379     157.5     34.111    24.2      4         0.017     
31      0.362     202.2     26.200    59.2      2         0.006     
13      0.352     582.7     15.280    82.1      2         0.171     
7       0.341     131.3     36.111    27.8      2         0.001     
26      0.323     321.2     -31.000   30.2      0         0.000     
54      0.315     222.5     26.600    42.3      0         0.000     
9       0.305     81.3      46.375    14.5      1         0.008     
4       0.296     235.2     6.308     42.3      0         0.006     
59      0.287     1095.9    -11.259   97.8      2         0.000     
39      0.281     177.2     22.429    51.7      1         0.002     
51      0.272     191.7     33.857    54.3      0         0.001     
18      0.249     134.2     31.100    44.7      0         0.003     
14      0.247     211.9     23.889    29.0      0         0.001     
2       0.244     163.8     34.417    33.8      0         0.178     
44      0.244     115.3     25.200    54.3      0         0.004     
34      0.242     153.2     32.600    36.2      0         0.001     
22      0.228     177.7     15.625    31.4      1         0.002     
56      0.217     167.1     5.250     47.1      1         0.000     
3       0.206     139.9     15.714    15.7      1         0.000     
37      0.177     131.6     2.800     25.4      1         0.001     
55      0.152     184.6     -7.167    30.2      1         0.000     
29      0.143     197.0     5.500     30.2      0         0.001     
8       0.121     116.6     4.222     18.1      0         0.046     
48      0.121     133.5     -4.571    37.4      0         0.000     
33      0.101     196.5     -6.200    27.8      0         0.002     
15      0.088     100.5     -6.333    19.3      0         0.001     

Top pocket for pyrene: Pocket 36
aromatic residues: [(117, 'PHE'), (298, 'PHE'), (302, 'PHE'), (321, 'PHE')]

--- Suggested Vina box for pocket 36 ---
center_x: 59.48
center_y: 74.74
center_z: 91.71
size_x: 20.7
size_y: 22.6
size_z: 21.8

======================================================================
PAH: benzo_a_pyrene
======================================================================
Pocket  Score     Volume    Hydro     Apolar    Aromatic  Drug      
36      0.838     389.2     57.769    97.8      4         0.540     
47      0.740     414.8     39.429    88.2      2         0.001     
20      0.697     528.3     15.421    78.5      5         0.025     
10      0.696     521.1     13.053    83.3      3         0.075     
46      0.677     424.1     18.000    93.0      2         0.099     
13      0.652     582.7     15.280    82.1      2         0.171     
43      0.629     356.5     39.667    85.7      2         0.011     
57      0.626     692.8     18.375    118.3     3         0.028     
49      0.624     402.7     20.154    51.9      2         0.043     
60      0.618     450.4     19.125    118.3     0         0.006     
32      0.573     1347.3    21.559    184.8     7         0.076     
42      0.564     423.5     13.900    59.2      1         0.001     
58      0.557     1179.0    16.667    185.0     6         0.052     
25      0.506     404.5     6.143     37.4      1         0.001     
12      0.484     191.0     60.000    37.4      3         0.098     
53      0.441     368.8     11.000    35.0      1         0.000     
30      0.419     246.4     54.636    39.9      2         0.001     
11      0.408     151.6     55.364    30.2      2         0.011     
24      0.393     298.3     35.000    35.0      2         0.002     
6       0.379     157.5     34.111    24.2      4         0.017     
21      0.366     268.1     39.667    71.2      1         0.035     
31      0.354     202.2     26.200    59.2      2         0.006     
17      0.350     327.9     -3.778    42.3      2         0.008     
52      0.348     264.7     45.700    79.7      0         0.017     
50      0.347     294.5     32.750    83.3      0         0.024     
7       0.341     131.3     36.111    27.8      2         0.001     
35      0.340     272.5     23.643    55.6      2         0.006     
5       0.332     214.7     27.417    41.1      2         0.037     
27      0.331     232.9     39.667    47.1      1         0.007     
28      0.328     271.8     38.143    48.3      1         0.002     
23      0.308     229.7     36.500    38.6      1         0.006     
9       0.305     81.3      46.375    14.5      1         0.008     
38      0.292     329.0     -4.500    36.2      1         0.000     
59      0.287     1095.9    -11.259   97.8      2         0.000     
39      0.281     177.2     22.429    51.7      1         0.002     
41      0.278     330.2     2.250     43.5      0         0.001     
19      0.274     230.7     15.800    27.8      2         0.009     
51      0.272     191.7     33.857    54.3      0         0.001     
40      0.259     245.6     11.111    62.3      1         0.005     
18      0.249     134.2     31.100    44.7      0         0.003     
2       0.244     163.8     34.417    33.8      0         0.178     
16      0.244     321.3     -14.833   39.9      1         0.001     
44      0.244     115.3     25.200    54.3      0         0.004     
34      0.242     153.2     32.600    36.2      0         0.001     
45      0.234     248.8     7.556     53.1      1         0.000     
54      0.231     222.5     26.600    42.3      0         0.000     
22      0.228     177.7     15.625    31.4      1         0.002     
56      0.217     167.1     5.250     47.1      1         0.000     
3       0.206     139.9     15.714    15.7      1         0.000     
14      0.202     211.9     23.889    29.0      0         0.001     
37      0.177     131.6     2.800     25.4      1         0.001     
4       0.164     235.2     6.308     42.3      0         0.006     
55      0.152     184.6     -7.167    30.2      1         0.000     
29      0.143     197.0     5.500     30.2      0         0.001     
26      0.126     321.2     -31.000   30.2      0         0.000     
8       0.121     116.6     4.222     18.1      0         0.046     
48      0.121     133.5     -4.571    37.4      0         0.000     
33      0.101     196.5     -6.200    27.8      0         0.002     
15      0.088     100.5     -6.333    19.3      0         0.001     

Top pocket for benzo_a_pyrene: Pocket 36
aromatic residues: [(117, 'PHE'), (298, 'PHE'), (302, 'PHE'), (321, 'PHE')]

--- Suggested Vina box for pocket 36 ---
center_x: 59.48
center_y: 74.74
center_z: 91.71
size_x: 20.7
size_y: 22.6
size_z: 21.8
